[INFO] [1741132439.276367]: Lidar Listener Working.
[INFO] [1741132439.594913]: Received LiDAR data: header: 
  seq: 5408
  stamp: 
    secs: 1741132439
    nsecs: 540379804
  frame_id: "base_scan"
angle_min: 0.0
angle_max: 6.2657318115234375
angle_increment: 0.01745329238474369
time_increment: 0.0005592841189354658
scan_time: 0.20134228467941284
range_min: 0.11999999731779099
range_max: 3.5
ranges: [2.808000087738037, 2.7809998989105225, 2.7850000858306885, 2.7820000648498535, 2.753000020980835, 2.750999927520752, 2.7360000610351562, 2.746000051498413, 2.7339999675750732, 2.739000082015991, 2.7269999980926514, 2.7260000705718994, 2.739000082015991, 2.7200000286102295, 2.760999917984009, 2.803999900817871, 2.739000082015991, 2.7339999675750732, 2.7330000400543213, 2.740000009536743, 2.7219998836517334, 2.747999906539917, 2.75600004196167, 2.763000011444092, 2.755000114440918, 2.7950000762939453, 2.8329999446868896, 2.8469998836517334, 2.700000047683716, 2.5160000324249268, 2.5260000228881836, 2.5299999713897705, 0.0, 0.0, 2.2709999084472656, 2.122999906539917, 2.0280001163482666, 1.9279999732971191, 1.850000023841858, 1.7970000505447388, 1.7309999465942383, 1.63100004196167, 1.6139999628067017, 1.5360000133514404, 1.4919999837875366, 1.4179999828338623, 1.3949999809265137, 1.3839999437332153, 1.3350000381469727, 1.3140000104904175, 1.2829999923706055, 1.2510000467300415, 1.2130000591278076, 1.2029999494552612, 1.1859999895095825, 1.1490000486373901, 1.1380000114440918, 1.1469999551773071, 1.093000054359436, 1.0809999704360962, 1.0670000314712524, 1.0369999408721924, 1.0299999713897705, 0.8669999837875366, 0.8669999837875366, 0.847000002861023, 0.8510000109672546, 0.8259999752044678, 0.8199999928474426, 0.8119999766349792, 0.8050000071525574, 0.8080000281333923, 0.8119999766349792, 0.8019999861717224, 0.7910000085830688, 0.6639999747276306, 0.7590000033378601, 0.7490000128746033, 0.7400000095367432, 0.7369999885559082, 0.7310000061988831, 0.7300000190734863, 0.722000002861023, 0.7099999785423279, 0.7039999961853027, 0.7179999947547913, 0.7049999833106995, 0.6949999928474426, 0.7089999914169312, 0.7099999785423279, 0.7149999737739563, 0.6909999847412109, 0.6809999942779541, 0.6819999814033508, 0.6710000038146973, 0.6779999732971191, 0.6809999942779541, 0.6790000200271606, 0.6840000152587891, 0.6830000281333923, 0.6800000071525574, 0.671999990940094, 0.6620000004768372, 0.6579999923706055, 0.6639999747276306, 0.6660000085830688, 0.6710000038146973, 0.6790000200271606, 0.6769999861717224, 0.6800000071525574, 0.6819999814033508, 0.6809999942779541, 0.6899999976158142, 0.6930000185966492, 0.6930000185966492, 0.6930000185966492, 0.7039999961853027, 0.699999988079071, 0.6869999766349792, 0.7009999752044678, 0.7099999785423279, 0.7229999899864197, 0.7300000190734863, 0.7149999737739563, 0.7210000157356262, 0.7260000109672546, 0.8949999809265137, 0.0, 0.6570000052452087, 0.8330000042915344, 0.7789999842643738, 0.43799999356269836, 0.4320000112056732, 0.4269999861717224, 0.4230000078678131, 0.4269999861717224, 0.42800000309944153, 0.4300000071525574, 0.42800000309944153, 0.4339999854564667, 0.4650000035762787, 0.0, 0.8870000243186951, 0.9020000100135803, 0.9179999828338623, 0.921999990940094, 0.968999981880188, 0.9739999771118164, 0.9789999723434448, 0.11999999731779099, 0.11999999731779099, 0.11900000274181366, 0.11900000274181366, 0.0, 0.0, 0.0, 0.0, 0.0, 0.0, 0.0, 0.0, 0.0, 0.0, 0.0, 0.0, 0.0, 0.0, 0.0, 0.0, 0.0, 0.0, 0.0, 0.0, 0.0, 0.0, 0.0, 0.0, 0.0, 0.0, 0.0, 0.0, 0.0, 0.0, 0.0, 0.0, 0.0, 0.0, 0.0, 0.0, 0.0, 0.0, 0.0, 0.0, 0.0, 0.0, 0.0, 0.0, 0.0, 0.0, 0.0, 0.0, 0.0, 0.0, 0.906000018119812, 0.746999979019165, 0.746999979019165, 0.7120000123977661, 0.6949999928474426, 0.6669999957084656, 0.6129999756813049, 0.5609999895095825, 0.49300000071525574, 0.4339999854564667, 0.47099998593330383, 0.48100000619888306, 0.4909999966621399, 0.453000009059906, 0.4440000057220459, 0.4350000023841858, 0.43299999833106995, 0.43700000643730164, 0.4390000104904175, 0.44200000166893005, 0.44600000977516174, 0.45100000500679016, 0.46000000834465027, 0.4690000116825104, 0.49399998784065247, 0.5189999938011169, 0.5299999713897705, 0.5410000085830688, 0.7229999899864197, 0.7229999899864197, 0.0, 0.0, 0.0, 0.0, 0.0, 0.0, 0.0, 0.0, 0.0, 0.0, 0.0, 0.0, 0.0, 0.0, 0.0, 0.0, 0.0, 0.0, 0.0, 0.0, 0.0, 0.0, 0.0, 0.0, 0.0, 0.0, 0.0, 0.0, 0.0, 0.0, 0.0, 0.0, 0.0, 0.0, 0.0, 0.0, 0.0, 0.0, 0.0, 0.0, 0.0, 0.0, 0.0, 0.0, 0.0, 0.0, 0.0, 0.0, 0.0, 0.0, 0.0, 0.0, 0.0, 0.0, 0.0, 0.0, 0.0, 0.0, 0.0, 0.0, 0.0, 0.0, 0.0, 1.4950000047683716, 1.4950000047683716, 1.4809999465942383, 1.4639999866485596, 0.0, 0.0, 0.0, 0.0, 0.0, 0.0, 0.0, 0.0, 0.0, 2.3420000076293945, 2.3499999046325684, 2.367000102996826, 2.375999927520752, 2.4130001068115234, 2.4119999408721924, 2.4509999752044678, 2.4809999465942383, 2.499000072479248, 2.5139999389648438, 2.562000036239624, 2.632999897003174, 2.6689999103546143, 1.934999942779541, 1.8940000534057617, 1.8960000276565552, 1.9140000343322754, 1.9079999923706055, 2.109999895095825, 0.0, 0.0, 0.6320000290870667, 0.6359999775886536, 0.597000002861023, 0.5960000157356262, 0.5960000157356262, 0.5979999899864197, 0.6010000109672546, 0.6039999723434448, 0.6079999804496765, 0.6100000143051147, 0.6129999756813049, 0.6159999966621399, 0.6169999837875366, 0.6140000224113464, 0.6159999966621399, 0.6240000128746033, 0.6359999775886536, 0.6420000195503235, 0.6520000100135803, 0.6579999923706055, 0.6669999957084656, 0.6769999861717224, 0.6880000233650208, 0.6930000185966492, 0.6990000009536743, 0.6460000276565552, 0.0, 2.8299999237060547, 2.8369998931884766, 2.809999942779541]
intensities: [303.0, 299.0, 344.0, 369.0, 351.0, 293.0, 352.0, 352.0, 386.0, 363.0, 427.0, 434.0, 468.0, 549.0, 548.0, 567.0, 433.0, 389.0, 380.0, 369.0, 352.0, 354.0, 352.0, 308.0, 291.0, 292.0, 586.0, 556.0, 110.0, 316.0, 298.0, 288.0, 165.0, 186.0, 112.0, 115.0, 240.0, 270.0, 304.0, 361.0, 341.0, 117.0, 554.0, 541.0, 672.0, 632.0, 750.0, 913.0, 949.0, 957.0, 1022.0, 1215.0, 1341.0, 1392.0, 1534.0, 1547.0, 1628.0, 1685.0, 1761.0, 1905.0, 2148.0, 2244.0, 1889.0, 3308.0, 2930.0, 1826.0, 3145.0, 3309.0, 2979.0, 2984.0, 3108.0, 2878.0, 3185.0, 3068.0, 3699.0, 2015.0, 2930.0, 2989.0, 2885.0, 3327.0, 3073.0, 3341.0, 3442.0, 3329.0, 3470.0, 4496.0, 2228.0, 3306.0, 3598.0, 3837.0, 3916.0, 3451.0, 3442.0, 3357.0, 3706.0, 3907.0, 3289.0, 3867.0, 3716.0, 3558.0, 3354.0, 3322.0, 3251.0, 3379.0, 3648.0, 3277.0, 3376.0, 3587.0, 3417.0, 3520.0, 3601.0, 3710.0, 3589.0, 3703.0, 3659.0, 3683.0, 4076.0, 1414.0, 777.0, 3450.0, 3528.0, 3474.0, 3177.0, 3185.0, 3115.0, 3802.0, 272.0, 82.0, 602.0, 1635.0, 2720.0, 3028.0, 3689.0, 3254.0, 4620.0, 3619.0, 5377.0, 4844.0, 4561.0, 5409.0, 2324.0, 49.0, 3055.0, 189.0, 2584.0, 2823.0, 2500.0, 2731.0, 3309.0, 11045.0, 9945.0, 10775.0, 11457.0, 0.0, 0.0, 0.0, 54.0, 0.0, 0.0, 0.0, 0.0, 0.0, 0.0, 71.0, 68.0, 0.0, 0.0, 0.0, 0.0, 0.0, 0.0, 73.0, 0.0, 65.0, 0.0, 0.0, 0.0, 0.0, 0.0, 0.0, 0.0, 0.0, 0.0, 0.0, 0.0, 0.0, 0.0, 0.0, 0.0, 0.0, 0.0, 0.0, 0.0, 0.0, 0.0, 0.0, 0.0, 0.0, 0.0, 0.0, 0.0, 42.0, 55.0, 1442.0, 2151.0, 2884.0, 2224.0, 3426.0, 3536.0, 3397.0, 3062.0, 2531.0, 2330.0, 2109.0, 2016.0, 2907.0, 3221.0, 3945.0, 4029.0, 4112.0, 4036.0, 4389.0, 4187.0, 4297.0, 4674.0, 5269.0, 2307.0, 3448.0, 3547.0, 4094.0, 2751.0, 144.0, 189.0, 47.0, 59.0, 0.0, 0.0, 0.0, 0.0, 0.0, 0.0, 0.0, 0.0, 0.0, 0.0, 0.0, 0.0, 0.0, 0.0, 0.0, 0.0, 57.0, 0.0, 0.0, 0.0, 0.0, 0.0, 0.0, 60.0, 0.0, 0.0, 0.0, 45.0, 0.0, 0.0, 0.0, 0.0, 0.0, 0.0, 0.0, 0.0, 0.0, 0.0, 0.0, 0.0, 0.0, 0.0, 0.0, 0.0, 0.0, 0.0, 0.0, 0.0, 0.0, 0.0, 0.0, 0.0, 0.0, 0.0, 0.0, 51.0, 51.0, 0.0, 39.0, 49.0, 48.0, 1135.0, 1521.0, 1045.0, 642.0, 0.0, 0.0, 0.0, 0.0, 0.0, 0.0, 0.0, 0.0, 0.0, 734.0, 699.0, 703.0, 675.0, 651.0, 625.0, 604.0, 585.0, 560.0, 520.0, 536.0, 411.0, 385.0, 356.0, 565.0, 682.0, 629.0, 564.0, 391.0, 172.0, 178.0, 2953.0, 2976.0, 2997.0, 2642.0, 1891.0, 2526.0, 2572.0, 2536.0, 2519.0, 2385.0, 2458.0, 2299.0, 2398.0, 2310.0, 2345.0, 2173.0, 2167.0, 2094.0, 2009.0, 1929.0, 1893.0, 1790.0, 1882.0, 1828.0, 1739.0, 1459.0, 101.0, 304.0, 282.0, 308.0]
